[0m[38;2;0;0;0m                     [38;2;68;62;65m'[38;2;39;38;38m.[38;2;0;0;0m                           [0m
[0m[38;2;0;0;0m                     [38;2;41;38;39m.[38;2;252;252;244mM[38;2;210;209;203mK[38;2;154;153;149md[38;2;109;108;106m:[38;2;90;89;88m;[38;2;143;141;140mo[38;2;111;110;108m:[38;2;91;90;89m;[38;2;68;67;67m'[38;2;25;25;25m [38;2;2;2;2m [38;2;0;0;0m                 [0m
[0m[38;2;0;0;0m                  [38;2;1;1;1m [38;2;81;77;78m,[38;2;135;134;131mo[38;2;169;168;163mk[38;2;250;250;241mW[38;2;255;255;244mM[38;2;255;255;244mM[38;2;255;255;244mM[38;2;255;255;244mM[38;2;255;255;244mM[38;2;255;255;244mM[38;2;255;255;245mM[38;2;255;255;244mM[38;2;255;255;245mM[38;2;242;241;232mW[38;2;196;194;190m0[38;2;23;22;23m [38;2;0;0;0m               [0m
[0m[38;2;0;0;0m              [38;2;6;6;6m [38;2;58;57;57m.[38;2;119;118;116mc[38;2;155;154;151md[38;2;207;203;201mK[38;2;240;237;232mN[38;2;255;255;244mM[38;2;255;255;244mM[38;2;249;249;242mW[38;2;251;250;242mM[38;2;255;255;244mM[38;2;255;255;244mM[38;2;255;255;244mM[38;2;255;255;244mM[38;2;255;255;244mM[38;2;255;255;244mM[38;2;255;255;244mMM[38;2;255;255;244mM[38;2;255;255;244mM[38;2;226;224;218mX[38;2;132;130;128ml[38;2;57;57;56m.[38;2;11;11;11m [38;2;0;0;0m            [0m
[0m[38;2;0;0;0m             [38;2;2;2;2m [38;2;90;88;88m;[38;2;254;253;245mM[38;2;254;254;245mM[38;2;255;255;245mM[38;2;233;229;225mN[38;2;242;239;235mW[38;2;218;209;208mK[38;2;206;194;195m0[38;2;237;233;230mN[38;2;241;238;232mW[38;2;252;252;242mM[38;2;253;253;244mM[38;2;253;253;243mM[38;2;238;234;227mN[38;2;237;232;226mN[38;2;252;251;243mM[38;2;255;255;244mM[38;2;255;255;244mM[38;2;249;249;239mW[38;2;253;253;242mM[38;2;255;255;244mM[38;2;255;255;244mM[38;2;253;253;243mM[38;2;239;237;230mN[38;2;180;178;175mk[38;2;123;121;119mc[38;2;43;42;42m.[38;2;0;0;0m         [0m
[0m[38;2;0;0;0m          [38;2;3;3;3m [38;2;31;33;36m.[38;2;43;49;54m.[38;2;48;56;62m.[38;2;94;103;111m:[38;2;227;237;238mN[38;2;222;225;226mX[38;2;219;212;213mK[38;2;229;217;217mX[38;2;228;219;218mX[38;2;248;246;241mW[38;2;248;245;240mW[38;2;156;128;139mo[38;2;239;236;232mN[38;2;240;237;230mN[38;2;195;180;185mO[38;2;184;163;169mk[38;2;214;200;201mK[38;2;225;215;213mX[38;2;221;214;210mX[38;2;250;249;241mW[38;2;248;248;240mW[38;2;248;247;240mW[38;2;249;249;241mW[38;2;255;254;245mM[38;2;249;248;239mW[38;2;245;244;236mW[38;2;251;251;242mM[38;2;253;253;243mM[38;2;35;35;34m.[38;2;67;67;67m [38;2;0;0;0m         [0m
[0m[38;2;0;0;0m          [38;2;36;39;41m.[38;2;204;231;247mX[38;2;197;231;251mX[38;2;183;222;248mK[38;2;175;210;240mK[38;2;175;209;240m0[38;2;174;210;239m0[38;2;181;218;244mK[38;2;181;209;233mK[38;2;198;216;229mK[38;2;215;217;219mX[38;2;251;249;244mW[38;2;188;154;165mx[38;2;235;225;224mN[38;2;247;244;241mW[38;2;169;127;143mo[38;2;233;226;225mN[38;2;248;247;243mW[38;2;248;248;243mW[38;2;243;241;236mW[38;2;252;251;243mM[38;2;253;253;245mM[38;2;235;228;224mN[38;2;228;218;218mX[38;2;147;141;141mo[38;2;200;200;200m [38;2;184;184;184m [38;2;146;146;146m [38;2;63;63;63m [38;2;4;4;4m [38;2;0;0;0m          [0m
[0m[38;2;0;0;0m          [38;2;32;35;37m.[38;2;214;227;238mX[38;2;173;155;173mx[38;2;209;212;226mK[38;2;204;221;237mX[38;2;185;213;236mK[38;2;178;208;232m0[38;2;185;215;238mK[38;2;186;227;251mX[38;2;188;227;251mX[38;2;191;224;246mX[38;2;204;228;244mX[38;2;216;220;228mX[38;2;239;236;235mN[38;2;251;249;246mM[38;2;250;248;245mW[38;2;254;254;250mM[38;2;252;251;247mM[38;2;249;248;244mW[38;2;253;252;248mM[38;2;255;254;250mM[38;2;253;253;248mM[38;2;15;14;14m [38;2;56;56;56m [38;2;14;14;14m [38;2;0;0;0m               [0m
[0m[38;2;0;0;0m          [38;2;32;32;32m [38;2;155;167;177mx[38;2;215;217;232mX[38;2;214;216;231mX[38;2;223;239;254mN[38;2;224;240;254mN[38;2;205;230;247mX[38;2;189;206;230mK[38;2;187;214;238mK[38;2;188;210;231mK[38;2;198;228;252mX[38;2;200;229;254mX[38;2;200;228;253mX[38;2;210;222;237mX[38;2;226;214;216mX[38;2;236;223;224mN[38;2;204;176;184mO[38;2;217;196;203mK[38;2;238;228;229mN[38;2;245;240;239mW[38;2;233;229;228mN[38;2;89;88;88m,[38;2;12;12;12m [38;2;0;0;0m                 [0m
[0m[38;2;0;0;0m           [38;2;67;67;67m [38;2;135;146;153md[38;2;222;239;253mN[38;2;225;240;255mN[38;2;225;240;255mN[38;2;224;241;255mW[38;2;219;236;248mN[38;2;200;223;242mX[38;2;197;222;246mX[38;2;201;229;254mX[38;2;203;229;255mX[38;2;204;229;255mX[38;2;204;229;253mX[38;2;208;219;234mX[38;2;227;227;236mN[38;2;244;232;233mN[38;2;248;241;238mW[38;2;253;252;248mM[38;2;255;254;250mM[38;2;255;254;250mM[38;2;241;240;237mW[38;2;5;5;5m [38;2;0;0;0m                 [0m
[0m[38;2;0;0;0m            [38;2;32;32;32m [38;2;11;11;12m [38;2;219;234;247mN[38;2;225;240;254mN[38;2;225;241;255mW[38;2;225;241;255mW[38;2;226;241;254mW[38;2;207;231;248mX[38;2;200;226;251mX[38;2;204;228;255mX[38;2;206;229;254mX[38;2;207;230;254mN[38;2;209;231;255mN[38;2;209;231;254mN[38;2;208;210;225mK[38;2;239;226;226mN[38;2;246;242;238mW[38;2;255;254;250mMM[38;2;255;254;250mM[38;2;201;200;197m0[38;2;1;1;1m [38;2;0;0;0m                [0m
[0m[38;2;0;0;0m             [38;2;7;7;7m [38;2;134;149;158mo[38;2;192;208;225mK[38;2;211;221;234mX[38;2;215;223;236mX[38;2;222;231;244mN[38;2;203;227;241mX[38;2;197;216;238mK[38;2;204;228;254mX[38;2;205;229;255mX[38;2;206;229;254mX[38;2;207;230;254mN[38;2;208;230;254mN[38;2;211;231;252mN[38;2;213;212;224mK[38;2;239;233;231mN[38;2;255;253;249mM[38;2;255;254;250mMM[38;2;253;253;249mM[38;2;53;52;52m.[38;2;0;0;0m                [0m
[0m[38;2;0;0;0m              [38;2;46;51;55m.[38;2;193;226;240mX[38;2;223;220;220mX[38;2;243;238;236mW[38;2;224;214;217mX[38;2;216;217;221mX[38;2;201;201;217m0[38;2;202;229;254mX[38;2;203;229;254mX[38;2;202;210;230mK[38;2;233;235;239mN[38;2;243;244;244mW[38;2;249;248;246mW[38;2;254;254;250mM[38;2;250;248;244mW[38;2;253;251;247mM[38;2;250;249;245mW[38;2;251;251;246mM[38;2;255;254;250mM[38;2;186;183;182mO[38;2;1;1;1m [38;2;0;0;0m               [0m
[0m[38;2;0;0;0m              [38;2;25;25;25m [38;2;16;17;18m [38;2;254;254;245mM[38;2;244;241;236mW[38;2;241;236;233mN[38;2;239;233;230mN[38;2;242;238;236mW[38;2;214;218;228mX[38;2;219;218;227mX[38;2;245;240;239mW[38;2;255;254;250mM[38;2;255;254;250mM[38;2;255;254;250mM[38;2;255;254;250mM[38;2;255;254;250mMM[38;2;255;254;250mM[38;2;255;254;249mM[38;2;255;254;247mM[38;2;237;235;230mN[38;2;8;8;8m [38;2;0;0;0m               [0m
[0m[38;2;0;0;0m          [38;2;8;7;7m [38;2;10;9;9m [38;2;0;0;0m   [38;2;6;6;6m [38;2;125;125;125m [38;2;203;203;203m [38;2;220;220;220m [38;2;171;168;166mk[38;2;254;253;248mM[38;2;255;254;250mM[38;2;255;254;250mM[38;2;255;254;250mM[38;2;250;249;246mW[38;2;235;244;246mW[38;2;214;228;235mX[38;2;233;243;246mW[38;2;227;241;247mW[38;2;242;240;237mW[38;2;252;251;246mM[38;2;246;244;237mW[38;2;242;240;233mW[38;2;236;234;230mW[38;2;43;43;43m [38;2;0;0;0m               [0m
[0m[38;2;0;0;0m          [38;2;32;31;32m.[38;2;234;233;229mN[38;2;127;123;122ml[38;2;2;2;2m [38;2;0;0;0m     [38;2;30;28;29m.[38;2;229;219;218mX[38;2;241;234;230mN[38;2;236;226;225mN[38;2;203;210;220mK[38;2;190;207;224mK[38;2;178;223;250mK[38;2;184;226;253mX[38;2;184;226;253mX[38;2;185;221;246mK[38;2;220;208;211mK[38;2;247;243;236mW[38;2;251;250;241mM[38;2;245;240;236mW[38;2;208;196;199m0[38;2;110;108;108m:[38;2;20;19;19m [38;2;0;0;0m              [0m
[0m[38;2;0;0;0m         [38;2;0;0;0m [38;2;181;180;176mO[38;2;255;255;244mM[38;2;253;253;244mM[38;2;192;182;186mO[38;2;89;81;85m,[38;2;5;5;5m [38;2;0;0;0m   [38;2;33;31;31m.[38;2;209;194;197m0[38;2;234;223;221mX[38;2;241;233;230mN[38;2;205;201;213mK[38;2;208;234;252mN[38;2;181;224;254mX[38;2;181;224;255mX[38;2;181;224;254mX[38;2;205;218;232mX[38;2;245;239;234mW[38;2;252;251;243mM[38;2;255;255;244mM[38;2;255;255;244mM[38;2;250;248;239mW[38;2;245;242;235mW[38;2;247;245;239mW[38;2;193;192;186m0[38;2;90;89;87m;[38;2;1;1;1m [38;2;0;0;0m           [0m
[0m[38;2;0;0;0m       [38;2;81;80;79m,[38;2;122;121;119ml[38;2;101;99;99m;[38;2;254;254;246mM[38;2;251;249;243mW[38;2;243;237;232mW[38;2;242;240;235mW[38;2;231;227;224mN[38;2;177;174;171mk[38;2;4;4;4m [38;2;0;0;0m [38;2;2;2;2m [38;2;97;68;83m,[38;2;120;76;96m;[38;2;122;79;99m;[38;2;125;84;102m:[38;2;158;137;154md[38;2;190;228;252mX[38;2;179;223;254mK[38;2;179;223;254mK[38;2;174;209;236m0[38;2;164;142;155md[38;2;231;220;220mX[38;2;210;196;197m0[38;2;240;236;230mN[38;2;255;255;245mM[38;2;247;247;239mW[38;2;223;215;214mX[38;2;242;234;229mN[38;2;249;247;239mW[38;2;255;255;245mM[38;2;185;184;181mO[38;2;7;7;7m [38;2;0;0;0m          [0m
[0m[38;2;0;0;0m       [38;2;98;97;95m;[38;2;254;254;244mM[38;2;250;250;240mW[38;2;254;254;245mM[38;2;244;237;233mW[38;2;242;233;229mN[38;2;245;240;235mW[38;2;255;255;245mM[38;2;254;254;243mM[38;2;132;129;127ml[38;2;0;0;0m [38;2;22;17;20m [38;2;119;78;96m;[38;2;118;76;95m;[38;2;118;76;95m;[38;2;123;89;108m:[38;2;168;190;214mO[38;2;178;223;254mK[38;2;178;223;253mK[38;2;169;201;227m0[38;2;126;97;118m:[38;2;118;76;95m;[38;2;125;86;103m:[38;2;120;79;98m;[38;2;119;78;96m;[38;2;136;101;117mc[38;2;140;107;122mc[38;2;189;168;174mk[38;2;242;233;229mN[38;2;241;234;229mN[38;2;251;249;241mW[38;2;255;255;244mM[38;2;190;188;184mO[38;2;1;1;1m [38;2;0;0;0m         [0m
[0m[38;2;0;0;0m       [38;2;201;199;194mK[38;2;255;255;244mM[38;2;254;254;245mM[38;2;245;240;234mW[38;2;242;233;229mN[38;2;242;233;229mN[38;2;241;233;229mN[38;2;252;251;243mM[38;2;255;255;244mM[38;2;236;232;228mN[38;2;2;2;2m [38;2;65;47;54m.[38;2;238;168;189m0[38;2;209;145;166mx[38;2;190;132;152md[38;2;163;164;188mx[38;2;178;223;253mK[38;2;178;223;255mK[38;2;173;209;237m0[38;2;127;98;118m:[38;2;118;76;95m;[38;2;118;76;95m;[38;2;118;76;95m;[38;2;118;76;95m;;[38;2;118;76;95m;[38;2;145;112;125ml[38;2;234;223;221mX[38;2;242;233;229mN[38;2;242;233;229mN[38;2;244;237;232mW[38;2;254;254;245mM[38;2;248;247;240mW[38;2;23;20;22m [38;2;0;0;0m         [0m
[0m[38;2;0;0;0m     [38;2;5;5;5m [38;2;110;105;106m:[38;2;254;254;246mM[38;2;255;255;244mM[38;2;246;241;234mW[38;2;242;233;229mN[38;2;242;233;229mNN[38;2;242;233;229mN[38;2;250;247;242mW[38;2;255;255;244mM[38;2;248;243;238mW[38;2;19;17;18m [38;2;32;23;26m [38;2;253;179;200mK[38;2;246;176;197m0[38;2;195;182;207mO[38;2;178;221;252mK[38;2;178;223;255mK[38;2;178;223;255mK[38;2;186;174;201mO[38;2;230;163;183mO[38;2;180;122;143mo[38;2;147;98;118mc[38;2;122;79;98m;[38;2;118;76;95m;[38;2;123;83;101m;[38;2;156;126;138mo[38;2;240;230;227mN[38;2;242;233;229mNN[38;2;242;234;230mN[38;2;242;234;230mN[38;2;252;252;243mM[38;2;245;244;239mW[38;2;11;10;11m [38;2;0;0;0m         [0m
[0m[38;2;0;0;0m    [38;2;11;11;11m [38;2;209;205;203mK[38;2;255;255;245mM[38;2;255;255;244mM[38;2;252;252;242mM[38;2;242;233;230mN[38;2;242;233;229mN[38;2;242;233;229mNN[38;2;241;235;230mN[38;2;251;249;243mW[38;2;246;242;236mW[38;2;242;233;229mN[38;2;134;126;127mo[38;2;14;10;12m [38;2;169;129;152mo[38;2;182;201;227m0[38;2;178;223;254mK[38;2;178;223;255mK[38;2;178;223;254mK[38;2;178;223;255mK[38;2;182;187;212mO[38;2;241;172;193m0[38;2;253;179;200mK[38;2;253;179;200mK[38;2;249;177;197m0[38;2;238;168;188mO[38;2;235;165;186mO[38;2;213;167;179mO[38;2;242;233;229mN[38;2;242;233;229mNN[38;2;242;233;229mN[38;2;253;252;243mM[38;2;255;255;244mM[38;2;255;255;245mM[38;2;137;135;133mo[38;2;0;0;0m         [0m
[0m[38;2;0;0;0m    [38;2;107;106;104m:[38;2;255;255;245mM[38;2;255;255;244mM[38;2;255;255;244mM[38;2;254;253;244mM[38;2;243;234;231mN[38;2;242;233;229mNNN[38;2;243;235;231mN[38;2;243;234;230mN[38;2;242;233;229mN[38;2;242;233;229mN[38;2;229;219;217mX[38;2;133;134;153mo[38;2;175;215;244mK[38;2;177;223;255mK[38;2;177;223;255mK[38;2;163;188;214mO[38;2;149;154;179md[38;2;178;223;254mK[38;2;178;223;254mK[38;2;163;166;190mx[38;2;165;112;133ml[38;2;193;134;153md[38;2;210;147;167mx[38;2;218;153;173mk[38;2;215;156;174mk[38;2;231;217;217mX[38;2;242;233;229mN[38;2;242;233;229mNN[38;2;242;233;229mN[38;2;253;253;244mM[38;2;255;255;244mM[38;2;255;255;244mM[38;2;243;242;237mW[38;2;13;13;13m [38;2;0;0;0m        [0m
[0m[38;2;0;0;0m    [38;2;106;105;103m:[38;2;255;255;244mM[38;2;249;247;240mW[38;2;252;250;241mM[38;2;254;254;245mM[38;2;246;242;236mW[38;2;242;233;229mN[38;2;242;233;229mNNNNN[38;2;236;229;226mN[38;2;180;208;224m0[38;2;178;223;254mK[38;2;178;223;255mK[38;2;178;222;250mK[38;2;171;174;198mk[38;2;124;85;105m:[38;2;135;119;142ml[38;2;178;219;248mK[38;2;178;223;255mK[38;2;178;223;254mK[38;2;147;146;169md[38;2;118;76;95m;[38;2;118;76;95m;[38;2;118;76;95m;[38;2;133;96;112m:[38;2;233;221;219mX[38;2;242;233;229mNN[38;2;242;233;229mN[38;2;245;242;234mW[38;2;255;255;244mM[38;2;255;255;244mM[38;2;255;255;244mM[38;2;91;90;89m;[38;2;2;2;2m [38;2;0;0;0m        [0m
[0m[38;2;0;0;0m    [38;2;99;99;99m [38;2;217;217;210mX[38;2;254;254;244mM[38;2;246;241;235mW[38;2;243;237;232mW[38;2;246;241;234mW[38;2;242;234;229mN[38;2;242;233;229mNNNN[38;2;242;233;229mN[38;2;189;212;225mK[38;2;178;223;254mK[38;2;178;223;254mK[38;2;162;183;209mO[38;2;206;164;186mk[38;2;252;179;199mK[38;2;248;175;197m0[38;2;205;144;164mx[38;2;201;191;199m0[38;2;188;207;222m0[38;2;175;214;243mK[38;2;178;219;248mK[38;2;151;115;134ml[38;2;149;99;119mc[38;2;149;99;119mc[38;2;167;113;133ml[38;2;204;164;175mk[38;2;242;233;229mN[38;2;241;233;229mN[38;2;246;243;236mW[38;2;254;254;244mM[38;2;255;255;244mM[38;2;253;253;244mM[38;2;14;14;13m [38;2;38;38;38m [38;2;0;0;0m         [0m
[0m[38;2;0;0;0m     [38;2;129;129;129m [38;2;217;217;217m [38;2;218;218;218m [38;2;212;212;212m [38;2;202;202;202m [38;2;202;202;202m [38;2;202;202;202m [38;2;202;202;202m [38;2;202;202;202m [38;2;201;201;201m [38;2;200;200;200m [38;2;172;172;172m [38;2;183;183;183m [38;2;144;144;144m [38;2;79;79;79m [38;2;88;88;88m [38;2;103;72;82m,[38;2;156;109;125ml[38;2;47;36;39m.[38;2;202;202;202m [38;2;202;202;202m [38;2;3;3;3m [38;2;7;8;9m [38;2;55;47;53m.[38;2;11;8;9m [38;2;12;9;10m [38;2;122;87;97m:[38;2;41;28;32m.[38;2;201;201;201m [38;2;208;208;208m [38;2;218;218;218m [38;2;218;218;218m [38;2;199;199;199m [38;2;189;189;189m [38;2;9;9;9m [38;2;0;0;0m          [0m
