[0m[38;2;0;0;0m                     [38;2;15;13;14m [38;2;81;78;79m,[38;2;5;5;5m [38;2;0;0;0m                           [0m
[0m[38;2;0;0;0m                     [38;2;45;45;45m [38;2;244;240;236mW[38;2;229;229;222mN[38;2;165;164;160mx[38;2;111;110;107m:[38;2;73;72;72m'[38;2;87;86;85m,[38;2;123;121;120mc[38;2;78;77;76m,[38;2;60;60;59m.[38;2;21;21;21m [38;2;0;0;0m [38;2;0;0;0m                  [0m
[0m[38;2;0;0;0m                   [38;2;19;19;19m [38;2;94;92;91m;[38;2;108;108;105m:[38;2;214;211;206mK[38;2;255;255;245mM[38;2;255;255;244mM[38;2;255;255;244mM[38;2;255;255;245mM[38;2;255;255;245mM[38;2;255;255;244mM[38;2;255;255;245mM[38;2;255;255;245mM[38;2;254;254;244mM[38;2;235;235;227mN[38;2;197;196;190m0[38;2;131;128;128ml[38;2;12;12;12m [38;2;0;0;0m               [0m
[0m[38;2;0;0;0m               [38;2;2;2;2m [38;2;43;42;42m.[38;2;80;78;77m,[38;2;140;138;137mo[38;2;198;192;191m0[38;2;241;239;232mW[38;2;255;255;245mM[38;2;255;255;245mM[38;2;251;251;244mM[38;2;255;255;244mM[38;2;255;255;244mMMM[38;2;255;255;244mM[38;2;255;255;244mMMMM[38;2;255;255;244mM[38;2;249;249;240mW[38;2;149;147;145md[38;2;40;39;39m.[38;2;0;0;0m [38;2;0;0;0m             [0m
[0m[38;2;0;0;0m              [38;2;48;47;47m.[38;2;215;213;209mK[38;2;252;252;243mM[38;2;255;255;245mM[38;2;234;230;225mN[38;2;244;242;237mW[38;2;244;241;235mW[38;2;239;234;230mN[38;2;238;234;230mN[38;2;246;244;239mW[38;2;255;255;244mM[38;2;255;255;244mM[38;2;255;255;244mM[38;2;255;255;244mM[38;2;255;255;244mM[38;2;255;255;244mM[38;2;255;255;244mM[38;2;255;255;244mM[38;2;255;255;244mM[38;2;255;255;244mM[38;2;255;255;244mM[38;2;255;255;245mM[38;2;255;255;245mM[38;2;219;218;211mX[38;2;154;152;149md[38;2;92;89;90m;[38;2;34;32;33m.[38;2;0;0;0m [38;2;0;0;0m         [0m
[0m[38;2;0;0;0m              [38;2;32;32;32m [38;2;142;141;138mo[38;2;247;246;239mW[38;2;238;234;229mN[38;2;239;234;230mN[38;2;238;232;229mN[38;2;223;216;216mX[38;2;219;209;208mK[38;2;195;180;184mO[38;2;211;200;202mK[38;2;254;253;245mM[38;2;218;211;208mK[38;2;217;206;207mK[38;2;192;173;178mk[38;2;201;183;187mO[38;2;211;197;199m0[38;2;232;229;224mN[38;2;247;247;238mW[38;2;246;246;239mW[38;2;245;245;237mW[38;2;255;255;245mM[38;2;255;255;244mM[38;2;255;255;244mM[38;2;254;255;245mM[38;2;255;255;245mM[38;2;255;255;245mM[38;2;200;200;194m0[38;2;82;82;82m [38;2;0;0;0m         [0m
[0m[38;2;0;0;0m          [38;2;6;6;7m [38;2;127;145;157mo[38;2;143;172;191mx[38;2;147;180;202mk[38;2;156;190;214mO[38;2;177;212;236mK[38;2;189;220;242mK[38;2;190;211;230mK[38;2;193;201;216m0[38;2;205;201;209mK[38;2;233;229;227mN[38;2;252;251;244mM[38;2;195;173;180mO[38;2;197;175;181mO[38;2;252;250;244mM[38;2;217;205;207mK[38;2;156;121;135ml[38;2;253;252;247mM[38;2;247;247;241mW[38;2;253;253;244mM[38;2;247;246;237mW[38;2;255;254;244mM[38;2;254;254;245mM[38;2;234;230;225mN[38;2;240;235;231mN[38;2;235;230;227mN[38;2;239;235;230mN[38;2;244;243;235mW[38;2;72;72;70m'[38;2;157;157;157m [38;2;53;53;53m [38;2;0;0;0m          [0m
[0m[38;2;0;0;0m          [38;2;13;14;15m [38;2;214;231;242mN[38;2;212;226;239mX[38;2;208;232;248mN[38;2;183;203;225m0[38;2;170;196;223mO[38;2;175;206;234m0[38;2;183;217;241mK[38;2;182;221;247mK[38;2;184;226;250mX[38;2;190;222;240mX[38;2;216;223;228mX[38;2;234;229;229mN[38;2;234;223;223mN[38;2;241;235;233mN[38;2;235;225;225mN[38;2;230;213;217mX[38;2;254;254;250mM[38;2;244;243;239mW[38;2;251;250;246mM[38;2;250;248;244mW[38;2;255;254;247mM[38;2;186;183;181mk[38;2;199;199;199m [38;2;154;154;154m [38;2;122;122;122m [38;2;83;83;83m [38;2;54;54;54m [38;2;12;12;12m [38;2;0;0;0m            [0m
[0m[38;2;0;0;0m          [38;2;3;3;3m [38;2;198;214;226mK[38;2;170;153;170mx[38;2;196;168;186mk[38;2;222;239;254mN[38;2;212;234;250mN[38;2;183;214;235mK[38;2;184;196;221m0[38;2;185;220;243mK[38;2;187;222;246mK[38;2;190;219;243mK[38;2;194;227;252mX[38;2;191;216;240mK[38;2;215;222;231mX[38;2;236;228;228mN[38;2;237;229;228mN[38;2;229;217;218mX[38;2;227;213;216mX[38;2;241;235;235mN[38;2;246;242;241mW[38;2;253;250;248mM[38;2;254;252;249mM[38;2;139;137;136mo[38;2;0;0;0m                  [0m
[0m[38;2;0;0;0m          [38;2;4;4;4m [38;2;43;47;50m.[38;2;221;239;252mN[38;2;218;232;245mN[38;2;223;238;253mN[38;2;226;240;255mN[38;2;222;240;254mN[38;2;205;233;251mN[38;2;188;214;237mK[38;2;188;208;230mK[38;2;195;224;246mX[38;2;200;229;254mX[38;2;202;229;254mX[38;2;201;227;251mX[38;2;217;228;241mN[38;2;239;227;228mN[38;2;241;227;227mN[38;2;221;198;203mK[38;2;238;225;226mN[38;2;246;242;239mW[38;2;250;248;246mW[38;2;197;194;193m0[38;2;33;32;33m.[38;2;0;0;0m                  [0m
[0m[38;2;0;0;0m           [38;2;12;12;12m [38;2;9;10;10m [38;2;219;236;249mN[38;2;225;240;255mN[38;2;225;240;255mN[38;2;224;241;254mN[38;2;225;241;254mW[38;2;215;231;245mN[38;2;203;230;252mX[38;2;201;229;254mX[38;2;203;229;254mX[38;2;204;229;255mX[38;2;205;229;254mX[38;2;205;228;250mX[38;2;217;227;242mX[38;2;220;219;228mX[38;2;247;236;235mW[38;2;251;248;244mW[38;2;255;254;250mM[38;2;255;254;250mM[38;2;255;254;250mM[38;2;213;212;209mK[38;2;7;7;7m [38;2;0;0;0m                 [0m
[0m[38;2;0;0;0m            [38;2;2;2;2m [38;2;74;74;74m [38;2;148;158;166mx[38;2;225;240;254mN[38;2;225;241;254mW[38;2;225;241;255mW[38;2;225;241;255mW[38;2;223;239;251mN[38;2;194;222;245mX[38;2;203;228;254mX[38;2;205;229;254mX[38;2;207;230;254mX[38;2;209;231;255mN[38;2;209;231;255mN[38;2;209;230;251mX[38;2;209;200;212mK[38;2;239;228;227mN[38;2;254;252;248mM[38;2;255;254;250mMM[38;2;255;254;250mM[38;2;140;139;138mo[38;2;0;0;0m                 [0m
[0m[38;2;0;0;0m              [38;2;57;62;66m.[38;2;181;204;222m0[38;2;203;213;228mK[38;2;215;221;233mX[38;2;215;219;232mX[38;2;210;229;242mX[38;2;196;213;231mK[38;2;204;229;254mX[38;2;204;228;255mX[38;2;205;229;255mX[38;2;206;230;254mX[38;2;208;230;254mN[38;2;207;228;251mX[38;2;218;233;249mN[38;2;221;212;218mX[38;2;250;248;244mW[38;2;255;254;250mM[38;2;255;254;250mM[38;2;255;254;250mM[38;2;248;247;243mW[38;2;9;9;9m [38;2;0;0;0m                [0m
[0m[38;2;0;0;0m              [38;2;6;7;7m [38;2;179;215;232mK[38;2;219;223;224mX[38;2;244;241;238mW[38;2;225;215;217mX[38;2;226;223;225mX[38;2;209;203;211mK[38;2;198;218;242mX[38;2;203;229;255mX[38;2;201;219;242mX[38;2;217;217;227mX[38;2;245;246;245mW[38;2;246;244;242mW[38;2;254;254;250mM[38;2;252;251;246mM[38;2;252;251;247mM[38;2;253;251;247mM[38;2;247;247;243mW[38;2;254;253;249mM[38;2;255;254;250mM[38;2;84;81;82m,[38;2;0;0;0m                [0m
[0m[38;2;0;0;0m              [38;2;5;5;5m [38;2;134;134;134m [38;2;232;232;225mN[38;2;255;255;248mM[38;2;234;229;227mN[38;2;234;225;223mN[38;2;251;249;245mW[38;2;217;213;218mX[38;2;215;223;235mX[38;2;228;220;224mX[38;2;254;253;249mM[38;2;255;254;250mM[38;2;255;254;250mMMMMM[38;2;255;254;250mM[38;2;255;254;249mM[38;2;255;255;247mM[38;2;184;178;178mO[38;2;0;0;0m [38;2;0;0;0m               [0m
[0m[38;2;0;0;0m          [38;2;3;2;2m [38;2;4;4;4m [38;2;0;0;0m   [38;2;0;0;0m [38;2;102;102;102m [38;2;45;44;43m.[38;2;178;177;172mk[38;2;225;220;217mX[38;2;254;254;249mM[38;2;255;254;250mM[38;2;255;254;250mM[38;2;255;254;250mM[38;2;255;254;250mM[38;2;251;252;248mM[38;2;231;240;244mW[38;2;235;238;238mN[38;2;238;246;247mW[38;2;237;241;241mW[38;2;252;250;246mM[38;2;252;251;246mM[38;2;246;244;236mW[38;2;253;252;243mM[38;2;148;145;144md[38;2;11;11;11m [38;2;0;0;0m               [0m
[0m[38;2;0;0;0m          [38;2;5;5;5m [38;2;222;219;218mX[38;2;118;115;115mc[38;2;3;3;3m [38;2;0;0;0m   [38;2;5;5;5m [38;2;14;14;14m [38;2;33;33;33m [38;2;147;143;143md[38;2;239;230;227mN[38;2;242;235;233mN[38;2;224;224;225mX[38;2;201;204;216mK[38;2;181;212;233mK[38;2;179;224;250mK[38;2;183;223;249mK[38;2;183;225;252mX[38;2;184;198;217m0[38;2;244;236;232mW[38;2;249;247;239mW[38;2;248;244;238mW[38;2;221;213;212mX[38;2;176;165;169mk[38;2;31;30;30m [38;2;0;0;0m               [0m
[0m[38;2;0;0;0m          [38;2;57;56;55m.[38;2;255;255;245mM[38;2;255;254;245mM[38;2;182;175;176mk[38;2;74;65;70m'[38;2;2;2;2m [38;2;0;0;0m   [38;2;43;43;43m [38;2;137;130;131ml[38;2;243;234;230mN[38;2;243;234;231mN[38;2;216;209;213mK[38;2;223;238;252mN[38;2;190;229;252mX[38;2;182;224;254mX[38;2;182;225;255mX[38;2;184;224;253mX[38;2;224;222;226mX[38;2;248;245;238mW[38;2;252;251;242mM[38;2;255;255;244mM[38;2;253;253;243mM[38;2;243;238;232mW[38;2;244;241;236mW[38;2;195;194;188m0[38;2;104;103;101m:[38;2;3;3;3m [38;2;0;0;0m            [0m
[0m[38;2;0;0;0m       [38;2;39;39;38m.[38;2;84;83;81m,[38;2;6;6;6m [38;2;232;231;226mN[38;2;254;255;246mM[38;2;245;241;235mW[38;2;251;250;245mM[38;2;196;186;189mO[38;2;152;148;148md[38;2;2;2;2m [38;2;0;0;0m  [38;2;10;8;9m [38;2;129;94;111m:[38;2;145;108;124mc[38;2;157;126;138mo[38;2;153;120;134ml[38;2;209;223;236mX[38;2;181;225;253mX[38;2;180;223;255mK[38;2;180;223;254mK[38;2;166;191;217mO[38;2;228;216;216mX[38;2;236;230;226mN[38;2;253;252;243mM[38;2;255;255;244mM[38;2;255;255;244mM[38;2;250;250;241mW[38;2;238;231;227mN[38;2;246;241;234mW[38;2;254;254;244mM[38;2;222;221;215mX[38;2;46;46;45m.[38;2;0;0;0m           [0m
[0m[38;2;0;0;0m       [38;2;37;36;36m.[38;2;255;254;247mM[38;2;208;206;201mK[38;2;254;255;246mM[38;2;249;247;241mW[38;2;242;233;229mN[38;2;245;240;235mW[38;2;255;255;245mM[38;2;255;255;244mM[38;2;160;157;154md[38;2;0;0;0m  [38;2;87;62;74m'[38;2;118;76;95m;[38;2;118;76;96m;[38;2;119;76;96m;[38;2;124;91;110m:[38;2;188;222;247mX[38;2;178;223;253mK[38;2;178;224;252mK[38;2;171;204;230m0[38;2;126;96;116m:[38;2;145;112;125ml[38;2;155;124;137mo[38;2;137;102;117mc[38;2;171;148;156md[38;2;194;177;181mO[38;2;170;150;157mx[38;2;226;213;212mX[38;2;242;233;229mN[38;2;245;241;235mW[38;2;255;255;245mM[38;2;251;251;244mM[38;2;42;41;41m.[38;2;0;0;0m          [0m
[0m[38;2;0;0;0m       [38;2;87;86;84m,[38;2;255;255;245mM[38;2;255;255;244mM[38;2;252;252;243mM[38;2;242;235;230mN[38;2;242;233;229mN[38;2;241;233;229mN[38;2;250;249;242mW[38;2;255;255;244mM[38;2;250;248;241mW[38;2;16;14;15m [38;2;4;3;4m [38;2;183;128;148md[38;2;154;103;122mc[38;2;135;89;109m:[38;2;127;93;112m:[38;2;167;195;221mO[38;2;178;223;255mK[38;2;178;223;255mK[38;2;172;208;236m0[38;2;123;93;113m:[38;2;118;76;95m;[38;2;118;76;95m;[38;2;118;76;95m;;;[38;2;118;76;95m;[38;2;128;91;107m:[38;2;236;225;223mN[38;2;242;233;229mN[38;2;242;233;229mN[38;2;250;248;240mW[38;2;255;255;244mM[38;2;203;200;196m0[38;2;4;4;4m [38;2;0;0;0m         [0m
[0m[38;2;0;0;0m       [38;2;185;184;180mO[38;2;255;255;244mM[38;2;253;253;243mM[38;2;243;236;231mW[38;2;242;233;229mN[38;2;242;233;229mN[38;2;242;233;229mN[38;2;247;242;237mW[38;2;255;255;245mM[38;2;254;254;246mM[38;2;66;62;63m.[38;2;7;6;7m [38;2;236;165;186mO[38;2;253;179;200mK[38;2;251;179;200m0[38;2;188;168;191mk[38;2;178;222;251mK[38;2;178;223;255mK[38;2;179;222;253mK[38;2;169;139;162md[38;2;132;87;106m:[38;2;119;76;95m;[38;2;118;76;95m;;;[38;2;118;77;95m;[38;2;150;117;130ml[38;2;223;209;209mK[38;2;242;233;229mN[38;2;242;233;229mNN[38;2;244;238;233mW[38;2;255;255;245mM[38;2;239;237;233mN[38;2;18;15;16m [38;2;0;0;0m         [0m
[0m[38;2;0;0;0m     [38;2;37;34;36m.[38;2;191;187;186mO[38;2;252;251;243mM[38;2;255;255;244mM[38;2;245;239;233mW[38;2;242;233;229mN[38;2;242;233;229mNNN[38;2;246;241;237mW[38;2;255;255;245mM[38;2;247;244;237mW[38;2;108;100;102m:[38;2;11;11;11m [38;2;180;126;144md[38;2;243;175;195m0[38;2;193;184;210mO[38;2;179;222;252mK[38;2;178;223;255mK[38;2;178;223;255mK[38;2;176;211;242mK[38;2;233;167;189mO[38;2;248;176;197m0[38;2;215;149;170mk[38;2;181;124;144mo[38;2;159;107;126ml[38;2;149;100;119mc[38;2;163;119;136mo[38;2;197;170;178mk[38;2;242;233;229mN[38;2;242;233;229mNN[38;2;244;237;232mW[38;2;246;241;235mW[38;2;255;255;245mM[38;2;241;238;235mW[38;2;12;11;12m [38;2;0;0;0m         [0m
[0m[38;2;0;0;0m    [38;2;20;19;20m [38;2;241;239;235mW[38;2;255;255;244mM[38;2;255;255;244mM[38;2;255;255;244mM[38;2;242;235;230mN[38;2;242;233;229mNNN[38;2;241;234;230mN[38;2;248;246;240mW[38;2;245;239;234mW[38;2;241;233;229mN[38;2;236;226;224mN[38;2;29;26;27m [38;2;120;97;117m:[38;2;170;193;219mO[38;2;177;224;255mK[38;2;178;223;255mK[38;2;175;218;247mK[38;2;177;220;250mK[38;2;179;223;253mK[38;2;185;169;192mk[38;2;236;167;188mO[38;2;253;179;200mK[38;2;253;179;200mK[38;2;253;179;200mK[38;2;253;179;200mK[38;2;242;173;193m0[38;2;227;206;207mK[38;2;241;233;229mN[38;2;242;233;229mNN[38;2;244;237;232mW[38;2;255;255;245mM[38;2;255;255;244mM[38;2;255;255;244mM[38;2;126;125;122ml[38;2;0;0;0m         [0m
[0m[38;2;0;0;0m    [38;2;101;100;98m:[38;2;255;255;245mM[38;2;255;255;244mM[38;2;255;255;244mM[38;2;254;254;245mM[38;2;245;239;235mW[38;2;242;233;229mNNN[38;2;242;233;229mN[38;2;242;233;229mN[38;2;242;233;229mNN[38;2;240;232;228mN[38;2;166;170;185mk[38;2;176;215;244mK[38;2;178;223;255mK[38;2;178;223;255mK[38;2;172;208;236m0[38;2;123;98;121m:[38;2;177;214;244mK[38;2;178;223;255mK[38;2;178;222;252mK[38;2;142;129;151mo[38;2;146;97;117mc[38;2;171;117;136mo[38;2;184;127;147md[38;2;189;130;151md[38;2;208;173;182mO[38;2;242;233;230mN[38;2;242;233;229mNN[38;2;242;233;229mN[38;2;245;238;233mW[38;2;255;255;245mM[38;2;255;255;244mM[38;2;255;255;244mM[38;2;160;159;156mx[38;2;0;0;0m         [0m
[0m[38;2;0;0;0m    [38;2;83;82;81m,[38;2;255;255;244mM[38;2;249;248;241mW[38;2;249;245;238mW[38;2;254;253;244mM[38;2;249;247;239mW[38;2;242;234;229mN[38;2;242;233;229mNNNNN[38;2;241;233;229mN[38;2;187;207;221m0[38;2;177;223;253mK[38;2;178;223;255mK[38;2;178;223;254mK[38;2;180;195;219m0[38;2;155;116;137ml[38;2;122;80;100m;[38;2;159;173;198mk[38;2;179;223;254mK[38;2;178;223;255mK[38;2;177;219;249mK[38;2;128;103;124mc[38;2;118;76;95m;[38;2;118;76;95m;;[38;2;152;122;133ml[38;2;241;231;228mN[38;2;242;233;229mNN[38;2;242;234;229mN[38;2;250;249;240mW[38;2;255;255;244mM[38;2;255;255;244mM[38;2;255;255;244mM[38;2;22;22;22m [38;2;0;0;0m         [0m
[0m[38;2;0;0;0m    [38;2;74;74;74m [38;2;181;181;176mk[38;2;255;255;245mM[38;2;248;245;237mW[38;2;242;236;231mN[38;2;245;239;234mW[38;2;242;235;230mN[38;2;242;233;229mNNNNN[38;2;205;214;220mK[38;2;178;223;252mK[38;2;177;223;254mK[38;2;171;203;232m0[38;2;171;152;173mx[38;2;247;176;196m0[38;2;253;179;200mK[38;2;249;178;198m0[38;2;189;155;168mx[38;2;206;207;215mK[38;2;177;202;223m0[38;2;178;222;252mK[38;2;166;180;203mk[38;2;161;109;130ml[38;2;154;103;122mc[38;2;160;108;128ml[38;2;186;129;149md[38;2;219;194;197m0[38;2;242;233;229mN[38;2;242;235;230mN[38;2;250;249;240mW[38;2;255;255;244mM[38;2;254;254;244mM[38;2;213;213;206mK[38;2;166;166;166m [38;2;9;9;9m [38;2;0;0;0m         [0m
[0m[38;2;0;0;0m     [38;2;103;103;103m [38;2;215;215;215m [38;2;216;216;216m [38;2;213;213;213m [38;2;201;201;201m [38;2;200;200;200m [38;2;200;200;200m [38;2;200;200;200m [38;2;200;200;200m [38;2;200;200;200m [38;2;198;198;198m [38;2;175;175;175m [38;2;182;182;182m [38;2;171;171;171m [38;2;85;85;85m [38;2;79;79;79m [38;2;33;23;26m [38;2;158;111;127ml[38;2;99;68;78m,[38;2;9;8;8m [38;2;200;200;200m [38;2;179;179;179m [38;2;8;8;9m [38;2;16;19;21m [38;2;48;35;39m.[38;2;15;11;12m [38;2;28;20;23m [38;2;132;92;105m:[38;2;13;11;12m [38;2;200;200;200m [38;2;211;211;211m [38;2;216;216;216m [38;2;216;216;216m [38;2;191;191;191m [38;2;154;154;154m [38;2;0;0;0m           [0m
