[0m[38;2;0;0;0m                                                       [0m
[0m[38;2;0;0;0m                       [38;2;8;8;8m [38;2;2;2;2m [38;2;0;0;0m  [38;2;4;4;4m [38;2;18;18;18m [38;2;10;10;10m [38;2;0;0;0m                         [0m
[0m[38;2;0;0;0m                       [38;2;21;21;21m [38;2;32;32;32m.[38;2;46;46;46m.[38;2;11;11;11m [38;2;38;38;38m.[38;2;118;118;118mc[38;2;166;166;166mx[38;2;57;57;57m.[38;2;9;9;9m [38;2;0;0;0m                       [0m
[0m[38;2;0;0;0m                        [38;2;25;25;25m [38;2;62;62;62m.[38;2;204;204;204mK[38;2;183;183;183mO[38;2;133;133;133ml[38;2;250;250;250mM[38;2;248;248;248mW[38;2;103;103;103m:[38;2;13;13;13m [38;2;0;0;0m                      [0m
[0m[38;2;0;0;0m                        [38;2;5;5;5m [38;2;132;132;132ml[38;2;255;255;255mM[38;2;234;223;224mN[38;2;224;155;158mk[38;2;228;178;180m0[38;2;240;238;238mW[38;2;254;254;254mM[38;2;111;111;111mc[38;2;14;14;14m [38;2;0;0;0m                     [0m
[0m[38;2;0;0;0m                       [38;2;0;0;0m [38;2;78;78;78m,[38;2;244;244;244mW[38;2;255;255;255mM[38;2;250;249;249mW[38;2;201;201;201m0[38;2;255;255;255mM[38;2;255;255;255mM[38;2;255;255;255mM[38;2;188;188;188mO[38;2;6;6;6m [38;2;0;0;0m                     [0m
[0m[38;2;0;0;0m                      [38;2;3;3;3m [38;2;122;122;122ml[38;2;247;247;247mW[38;2;255;255;255mM[38;2;250;250;250mM[38;2;166;166;166mx[38;2;150;150;150md[38;2;196;196;196m0[38;2;255;255;255mM[38;2;244;244;244mW[38;2;111;111;111mc[38;2;28;28;28m [38;2;9;9;9m [38;2;13;13;13m [38;2;3;3;3m [38;2;0;0;0m                  [0m
[0m[38;2;0;0;0m                      [38;2;12;12;12m [38;2;50;50;50m [38;2;18;18;18m [38;2;85;85;85m,[38;2;44;44;44m.[38;2;28;28;28m [38;2;163;163;163mx[38;2;207;207;207mK[38;2;123;123;123ml[38;2;32;32;32m.[38;2;96;96;96m;[38;2;204;204;204mK[38;2;218;218;218mX[38;2;188;188;188mO[38;2;74;74;74m'[38;2;7;7;7m [38;2;0;0;0m                 [0m
[0m[38;2;0;0;0m                       [38;2;23;23;23m [38;2;165;165;165mx[38;2;226;226;226mX[38;2;197;197;197m0[38;2;84;84;84m,[38;2;131;131;131ml[38;2;130;130;130ml[38;2;129;129;129ml[38;2;240;240;240mW[38;2;255;255;255mM[38;2;254;254;254mM[38;2;255;255;255mMM[38;2;229;229;229mN[38;2;21;21;21m [38;2;0;0;0m       [38;2;9;9;9m [38;2;15;15;15m [38;2;16;16;16m [38;2;11;11;11m [38;2;0;0;0m      [0m
[0m[38;2;0;0;0m                       [38;2;47;47;47m.[38;2;202;202;202m0[38;2;201;201;201m0[38;2;255;255;255mM[38;2;142;142;142mo[38;2;229;229;229mN[38;2;179;179;179mk[38;2;186;186;186mO[38;2;255;255;255mM[38;2;241;241;241mW[38;2;131;131;131ml[38;2;255;255;255mM[38;2;255;255;255mM[38;2;255;255;255mM[38;2;84;84;84m,[38;2;3;3;3m [38;2;0;0;0m   [38;2;8;8;8m [38;2;102;102;102m:[38;2;174;174;174mk[38;2;217;217;217mX[38;2;245;245;245mW[38;2;218;218;218mX[38;2;70;70;70m'[38;2;21;21;21m [38;2;0;0;0m     [0m
[0m[38;2;0;0;0m                      [38;2;3;3;3m [38;2;123;123;123ml[38;2;210;210;210mK[38;2;97;97;97m;[38;2;162;162;162mx[38;2;207;207;207mK[38;2;237;237;237mN[38;2;207;207;207mK[38;2;152;152;152md[38;2;255;255;255mM[38;2;255;255;255mM[38;2;235;235;235mN[38;2;198;198;198m0[38;2;255;255;255mM[38;2;255;255;255mM[38;2;118;118;118mc[38;2;6;6;6m [38;2;0;0;0m  [38;2;35;35;35m.[38;2;216;216;216mX[38;2;255;255;255mM[38;2;255;255;255mM[38;2;255;255;255mM[38;2;96;96;96m;[38;2;128;128;128m [38;2;37;37;37m [38;2;0;0;0m      [0m
[0m[38;2;0;0;0m                   [38;2;3;3;3m [38;2;0;0;0m [38;2;0;0;0m [38;2;7;7;7m [38;2;144;144;144mo[38;2;255;255;255mM[38;2;249;249;249mW[38;2;87;87;87m;[38;2;223;223;223mX[38;2;224;224;224mX[38;2;243;243;243mW[38;2;107;107;107m:[38;2;255;255;255mM[38;2;255;255;255mM[38;2;233;233;233mN[38;2;148;148;148md[38;2;255;255;255mM[38;2;255;255;255mM[38;2;130;130;130ml[38;2;3;3;3m [38;2;0;0;0m [38;2;12;12;12m [38;2;188;188;188mO[38;2;255;255;255mM[38;2;255;255;255mM[38;2;253;253;253mM[38;2;35;35;35m.[38;2;28;28;28m [38;2;0;0;0m        [0m
[0m[38;2;0;0;0m                 [38;2;2;2;2m [38;2;82;82;82m,[38;2;186;186;186mO[38;2;176;176;176mk[38;2;115;115;115mc[38;2;76;76;76m,[38;2;118;118;118mc[38;2;255;255;255mM[38;2;174;174;174mk[38;2;224;224;224mX[38;2;234;234;234mN[38;2;227;227;227mN[38;2;221;221;221mX[38;2;101;101;101m:[38;2;249;249;249mW[38;2;255;255;255mM[38;2;235;235;235mN[38;2;145;145;145md[38;2;255;255;255mM[38;2;255;255;255mM[38;2;147;147;147md[38;2;3;3;3m [38;2;0;0;0m [38;2;37;37;37m.[38;2;255;255;255mM[38;2;255;255;255mM[38;2;255;255;255mM[38;2;72;72;72m,[38;2;3;3;3m [38;2;0;0;0m         [0m
[0m[38;2;0;0;0m               [38;2;3;3;3m [38;2;85;84;85m,[38;2;138;138;138mo[38;2;250;250;250mM[38;2;255;255;255mMM[38;2;254;254;254mM[38;2;224;224;224mX[38;2;252;252;252mM[38;2;255;255;255mM[38;2;197;197;197m0[38;2;111;111;111mc[38;2;224;224;224mX[38;2;240;240;240mW[38;2;213;213;213mK[38;2;228;228;228mN[38;2;255;255;255mMM[38;2;249;249;249mW[38;2;124;124;124ml[38;2;255;255;255mM[38;2;255;255;255mM[38;2;167;167;167mx[38;2;9;9;9m [38;2;0;0;0m [38;2;6;6;6m [38;2;209;209;209mK[38;2;255;255;255mMM[38;2;37;37;37m.[38;2;0;0;0m          [0m
[0m[38;2;0;0;0m       [38;2;1;1;1m [38;2;12;12;12m [38;2;10;10;10m [38;2;0;0;0m [38;2;0;0;0m    [38;2;18;18;18m [38;2;97;97;97m [38;2;44;44;44m.[38;2;172;172;172mk[38;2;129;129;129ml[38;2;158;158;158mx[38;2;201;201;201m0[38;2;173;173;173mk[38;2;161;161;161mx[38;2;161;161;161mx[38;2;78;78;78m,[38;2;100;100;100m:[38;2;157;157;157mx[38;2;216;216;216mX[38;2;249;249;249mM[38;2;255;255;255mM[38;2;255;255;255mMM[38;2;254;254;254mM[38;2;93;93;93m;[38;2;255;255;255mM[38;2;255;255;255mM[38;2;194;194;194m0[38;2;10;10;10m [38;2;0;0;0m [38;2;7;7;7m [38;2;130;130;130ml[38;2;255;255;255mMM[38;2;99;99;99m:[38;2;2;2;2m [38;2;0;0;0m [38;2;1;1;1m [38;2;2;2;2m [38;2;12;12;12m [38;2;41;41;41m.[38;2;69;69;69m'[38;2;23;23;23m [38;2;0;0;0m [38;2;0;0;0m [0m
[0m[38;2;0;0;0m   [38;2;3;3;3m [38;2;10;10;10m [38;2;61;61;61m.[38;2;161;161;161mx[38;2;171;171;171mk[38;2;165;165;165mx[38;2;231;231;231mN[38;2;175;175;175mk[38;2;81;81;81m,[38;2;52;52;52m.[38;2;26;26;26m [38;2;2;2;2m [38;2;0;0;0m [38;2;3;3;3m [38;2;106;106;106m:[38;2;223;223;223mX[38;2;238;238;238mW[38;2;247;247;247mW[38;2;255;255;255mMMMM[38;2;249;249;249mM[38;2;207;207;207mK[38;2;158;158;158mx[38;2;157;157;157mx[38;2;162;162;162mx[38;2;238;238;238mW[38;2;255;255;255mM[38;2;255;255;255mM[38;2;246;246;246mW[38;2;23;23;23m [38;2;250;250;250mM[38;2;255;255;255mM[38;2;228;228;228mN[38;2;11;11;11m [38;2;4;4;4m [38;2;23;23;23m [38;2;164;164;164mx[38;2;255;255;255mM[38;2;255;255;255mM[38;2;121;121;121mc[38;2;22;22;22m [38;2;0;0;0m [38;2;1;1;1m [38;2;36;36;36m.[38;2;196;196;196m0[38;2;243;243;243mW[38;2;255;255;255mM[38;2;134;134;134mo[38;2;2;2;2m [38;2;0;0;0m [0m
[0m[38;2;0;0;0m   [38;2;3;3;3m [38;2;8;8;8m [38;2;148;148;148md[38;2;245;245;245mW[38;2;255;255;255mM[38;2;255;255;255mMMM[38;2;253;253;253mM[38;2;255;255;255mM[38;2;236;236;236mN[38;2;193;193;193m0[38;2;138;138;138mo[38;2;144;144;144mo[38;2;244;244;244mW[38;2;255;255;255mMMMMMMMMMMM[38;2;239;239;239mW[38;2;161;161;161mx[38;2;245;245;245mW[38;2;255;255;255mM[38;2;225;225;225mX[38;2;43;43;43m.[38;2;208;208;208mK[38;2;255;255;255mM[38;2;245;245;245mW[38;2;36;36;36m.[38;2;33;33;33m.[38;2;144;144;144mo[38;2;253;253;253mM[38;2;255;255;255mM[38;2;219;219;219mX[38;2;86;86;86m [38;2;4;4;4m [38;2;1;1;1m [38;2;68;68;68m'[38;2;218;218;218mX[38;2;255;255;255mMMM[38;2;40;40;40m.[38;2;4;4;4m [38;2;0;0;0m [0m
[0m[38;2;0;0;0m   [38;2;8;8;8m [38;2;26;26;26m [38;2;64;64;64m [38;2;31;31;31m.[38;2;83;83;83m,[38;2;241;241;241mW[38;2;251;251;251mM[38;2;255;255;255mMMMMMMM[38;2;255;255;255mM[38;2;219;219;219mX[38;2;189;189;189mO[38;2;160;160;160mx[38;2;188;188;188mO[38;2;253;253;253mM[38;2;255;255;255mMMMMMMMMMM[38;2;171;171;171mk[38;2;61;61;61m.[38;2;180;180;180mO[38;2;255;255;255mM[38;2;252;252;252mM[38;2;77;77;77m,[38;2;207;207;207mK[38;2;250;250;250mM[38;2;255;255;255mM[38;2;210;210;210mK[38;2;122;122;122mc[38;2;116;116;116mc[38;2;141;141;141mo[38;2;203;203;203mK[38;2;253;253;253mM[38;2;255;255;255mM[38;2;244;244;244mW[38;2;30;30;30m.[38;2;106;106;106m [38;2;6;6;6m [38;2;0;0;0m  [0m
[0m[38;2;0;0;0m      [38;2;14;14;14m [38;2;7;7;7m [38;2;11;11;11m [38;2;22;22;22m [38;2;49;49;49m [38;2;77;77;77m [38;2;6;6;6m [38;2;139;139;139mo[38;2;109;109;109m:[38;2;185;185;185mO[38;2;220;220;220mX[38;2;195;195;195m0[38;2;242;242;242mW[38;2;255;255;255mMM[38;2;214;214;214mK[38;2;157;157;157mx[38;2;131;131;131ml[38;2;137;137;137mo[38;2;207;207;207mK[38;2;224;224;224mX[38;2;251;251;251mM[38;2;245;245;245mW[38;2;245;245;245mW[38;2;245;245;245mW[38;2;245;245;245mW[38;2;219;219;219mX[38;2;83;83;83m,[38;2;112;112;112m [38;2;37;37;37m.[38;2;221;221;221mX[38;2;214;214;214mK[38;2;234;234;234mN[38;2;190;190;190mO[38;2;192;192;192m0[38;2;182;182;182mO[38;2;160;160;160mx[38;2;153;153;153md[38;2;41;41;41m.[38;2;138;138;138m [38;2;127;127;127m [38;2;99;99;99m [38;2;63;63;63m [38;2;21;21;21m [38;2;2;2;2m [38;2;0;0;0m    [0m
[0m[38;2;0;0;0m            [38;2;0;0;0m [38;2;19;19;19m [38;2;17;17;17m [38;2;5;5;5m [38;2;122;122;122ml[38;2;253;253;253mM[38;2;255;255;255mMMMM[38;2;222;222;222mX[38;2;25;25;25m [38;2;7;7;7m [38;2;9;9;9m [38;2;13;13;13m [38;2;15;15;15m [38;2;11;11;11m [38;2;10;10;10m [38;2;10;10;10m [38;2;11;11;11m [38;2;18;18;18m [38;2;7;7;7m [38;2;0;0;0m [38;2;8;8;8m [38;2;15;15;15m [38;2;27;27;27m [38;2;55;55;55m.[38;2;45;45;45m.[38;2;85;85;85m [38;2;53;53;53m [38;2;60;60;60m [38;2;29;29;29m [38;2;6;6;6m [38;2;0;0;0m          [0m
[0m[38;2;0;0;0m               [38;2;4;4;4m [38;2;11;11;11m [38;2;225;225;225mX[38;2;255;255;255mMMMMM[38;2;140;140;140mo[38;2;1;1;1m [38;2;0;0;0m             [38;2;5;5;5m [38;2;18;18;18m [38;2;0;0;0m               [0m
[0m[38;2;0;0;0m                [38;2;4;4;4m [38;2;66;66;66m'[38;2;252;252;252mM[38;2;255;255;255mMMM[38;2;220;220;220mX[38;2;22;22;22m [38;2;0;0;0m [38;2;0;0;0m                              [0m
[0m[38;2;0;0;0m               [38;2;4;4;4m [38;2;44;44;44m.[38;2;192;192;192m0[38;2;255;255;255mM[38;2;255;255;255mM[38;2;255;255;255mM[38;2;255;255;255mM[38;2;98;98;98m;[38;2;27;27;27m [38;2;0;0;0m                               [0m
[0m[38;2;0;0;0m              [38;2;15;15;15m [38;2;90;90;90m;[38;2;233;233;233mN[38;2;255;255;255mM[38;2;255;255;255mM[38;2;255;255;255mM[38;2;255;255;255mM[38;2;173;173;173mk[38;2;2;2;2m [38;2;0;0;0m                                [0m
[0m[38;2;0;0;0m            [38;2;6;6;6m [38;2;38;38;38m.[38;2;159;159;159mx[38;2;254;254;254mM[38;2;255;255;255mM[38;2;255;255;255mM[38;2;255;255;255mM[38;2;227;227;227mN[38;2;212;212;212mK[38;2;11;11;11m [38;2;0;0;0m [38;2;0;0;0m                                [0m
[0m[38;2;0;0;0m          [38;2;3;3;3m [38;2;31;31;31m.[38;2;125;125;125ml[38;2;238;238;238mW[38;2;255;255;255mMM[38;2;255;255;255mM[38;2;255;255;255mM[38;2;255;255;255mM[38;2;160;160;160mx[38;2;17;17;17m [38;2;6;6;6m [38;2;0;0;0m                                 [0m
[0m[38;2;0;0;0m         [38;2;7;7;7m [38;2;34;34;34m.[38;2;144;144;144mo[38;2;248;248;248mW[38;2;255;255;255mMMM[38;2;207;207;207mK[38;2;252;252;252mM[38;2;233;233;233mN[38;2;26;26;26m [38;2;13;13;13m [38;2;0;0;0m                                  [0m
[0m[38;2;0;0;0m          [38;2;18;18;18m [38;2;77;77;77m'[38;2;216;216;216mX[38;2;247;247;247mW[38;2;254;254;254mM[38;2;255;255;255mM[38;2;121;121;121mc[38;2;138;138;138mo[38;2;22;22;22m [38;2;14;14;14m [38;2;0;0;0m                                   [0m
[0m[38;2;0;0;0m           [38;2;31;31;31m [38;2;32;32;32m [38;2;12;12;12m [38;2;18;18;18m [38;2;87;87;87m [38;2;25;25;25m [38;2;21;21;21m [38;2;6;6;6m [38;2;0;0;0m                                    [0m
[0m[38;2;0;0;0m             [38;2;6;6;6m [38;2;10;10;10m [38;2;0;0;0m                                        [0m
